test/reference_results/tophat_redback_ref_data.ecsv
# %ECSV 1.0
# ---
# datatype:
# - {name: g0, datatype: float64}
# - {name: loge0, datatype: float64}
# - {name: logepsb, datatype: float64}
# - {name: logepse, datatype: float64}
# - {name: logn0, datatype: float64}
# - {name: p, datatype: float64}
# - {name: redshift, datatype: float64}
# - {name: thc, datatype: float64}
# - {name: thv, datatype: float64}
# - {name: xiN, datatype: float64}
# - {name: time, datatype: string, subtype: 'float64[100]'}
# - {name: output_format, datatype: string}
# - {name: frequency, datatype: float64}
# - {name: results, datatype: string, subtype: 'float64[100]'}
# schema: astropy-2.0
g0 loge0 logepsb logepse logn0 p redshift thc thv xiN time output_format frequency results
[from data line 59]
60.0 50.0 -2.0 -1.0 0.0 2.9 0.2 0.07 0.5 0.1 [0.1,0.604040404040404,1.1080808080808082,1.6121212121212123,2.1161616161616164,2.6202020202020204,3.1242424242424245,3.6282828282828286,4.132323232323232,4.636363636363637,5.14040404040404,5.644444444444444,6.148484848484848,6.652525252525253,7.156565656565657,7.66060606060606,8.164646464646465,8.66868686868687,9.172727272727274,9.676767676767676,10.180808080808081,10.684848484848485,11.188888888888888,11.692929292929293,12.196969696969697,12.701010101010102,13.205050505050506,13.709090909090909,14.213131313131314,14.717171717171718,15.22121212121212,15.725252525252525,16.22929292929293,16.733333333333334,17.23737373737374,17.741414141414143,18.24545454545455,18.749494949494952,19.253535353535355,19.75757575757576,20.261616161616164,20.765656565656567,21.269696969696973,21.773737373737376,22.27777777777778,22.781818181818185,23.285858585858588,23.789898989898994,24.293939393939397,24.7979797979798,25.302020202020206,25.80606060606061,26.310101010101015,26.814141414141417,27.31818181818182,27.822222222222226,28.32626262626263,28.830303030303032,29.334343434343438,29.83838383838384,30.342424242424244,30.84646464646465,31.350505050505053,31.85454545454546,32.35858585858586,32.862626262626264,33.36666666666667,33.87070707070708,34.37474747474748,34.87878787878788,35.382828282828285,35.88686868686869,36.3909090909091,36.8949494949495,37.3989898989899,37.903030303030306,38.40707070707071,38.91111111111111,39.41515151515152,39.919191919191924,40.42323232323233,40.92727272727273,41.43131313131313,41.93535353535354,42.439393939393945,42.94343434343435,43.44747474747475,43.95151515151515,44.455555555555556,44.959595959595966,45.46363636363637,45.96767676767677,46.471717171717174,46.97575757575758,47.479797979797986,47.98383838383839,48.48787878787879,48.991919191919195,49.4959595959596,50.0] flux_density 2e+17 [1.8710588222920118e-14,1.4375020384191122e-12,1.2465057938949499e-11,4.6106763830014115e-11,1.0980758860415607e-10,2.007058479485202e-10,3.0748531238523535e-10,4.133401800637479e-10,5.02248967531527e-10,5.629213797285702e-10,5.91256505996337e-10,5.882579555357501e-10,5.594515488665452e-10,5.152841669126133e-10,4.621275004940008e-10,4.050713479194987e-10,3.4972032578996845e-10,2.981967766125952e-10,2.5193204803699004e-10,2.1141233891437686e-10,1.7743353509350334e-10,1.483703979582518e-10,1.2402195409287018e-10,1.0392335018153989e-10,8.769159674841e-11,7.381067129252509e-11,6.275055010560939e-11,5.322560405471009e-11,4.5490005537731135e-11,3.928163486582624e-11,3.3937755440882185e-11,2.955327570604205e-11,2.5579625338888052e-11,2.232350552509105e-11,1.9623134384958608e-11,1.7432630058915963e-11,1.5406567335039633e-11,1.3783929570695401e-11,1.2293488287051739e-11,1.0991360426834884e-11,9.875256367148082e-12,8.907296098016115e-12,8.05128737901095e-12,7.306993250054737e-12,6.617926112601343e-12,6.0310740440639916e-12,5.5202795852660616e-12,5.0641137196014805e-12,4.6788559607155414e-12,4.3343708091477434e-12,4.0199173360334804e-12,3.714361082232631e-12,3.425399377398627e-12,3.1533090428042677e-12,2.914397162759876e-12,2.69671392669036e-12,2.496304831478669e-12,2.334089056117414e-12,2.1845553383037985e-12,2.054744727675209e-12,1.9452436467595353e-12,1.845715299449928e-12,1.7551018497355063e-12,1.6649217067721013e-12,1.5747415638086954e-12,1.484561420845289e-12,1.3943812778818848e-12,1.307225384146481e-12,1.2246533924341426e-12,1.1485128262310256e-12,1.0810200071376686e-12,1.017982165201829e-12,9.624428591969217e-13,9.153266250733357e-13,8.721796356079867e-13,8.348558543456528e-13,8.033884962227275e-13,7.747985470473153e-13,7.489034839173735e-13,7.233168797914679e-13,6.977302756655618e-13,6.721436715396559e-13,6.465570674137498e-13,6.209704632878442e-13,5.953838591619378e-13,5.697972550360325e-13,5.442106509101266e-13,5.186240467842207e-13,4.932304105851282e-13,4.690294634554821e-13,4.458955839318855e-13,4.250500858718756e-13,4.0618040508010077e-13,3.8829254782915073e-13,3.728312590462288e-13,3.5941883351892747e-13,3.470916922376185e-13,3.363373959151983e-13,3.272417190832854e-13,3.1905582191747153e-13]
60.0 50.0 -2.0 -1.0 1.0 2.9 0.1 0.03 0.0 0.1 [0.1,0.604040404040404,1.1080808080808082,1.6121212121212123,2.1161616161616164,2.6202020202020204,3.1242424242424245,3.6282828282828286,4.132323232323232,4.636363636363637,5.14040404040404,5.644444444444444,6.148484848484848,6.652525252525253,7.156565656565657,7.66060606060606,8.164646464646465,8.66868686868687,9.172727272727274,9.676767676767676,10.180808080808081,10.684848484848485,11.188888888888888,11.692929292929293,12.196969696969697,12.701010101010102,13.205050505050506,13.709090909090909,14.213131313131314,14.717171717171718,15.22121212121212,15.725252525252525,16.22929292929293,16.733333333333334,17.23737373737374,17.741414141414143,18.24545454545455,18.749494949494952,19.253535353535355,19.75757575757576,20.261616161616164,20.765656565656567,21.269696969696973,21.773737373737376,22.27777777777778,22.781818181818185,23.285858585858588,23.789898989898994,24.293939393939397,24.7979797979798,25.302020202020206,25.80606060606061,26.310101010101015,26.814141414141417,27.31818181818182,27.822222222222226,28.32626262626263,28.830303030303032,29.334343434343438,29.83838383838384,30.342424242424244,30.84646464646465,31.350505050505053,31.85454545454546,32.35858585858586,32.862626262626264,33.36666666666667,33.87070707070708,34.37474747474748,34.87878787878788,35.382828282828285,35.88686868686869,36.3909090909091,36.8949494949495,37.3989898989899,37.903030303030306,38.40707070707071,38.91111111111111,39.41515151515152,39.919191919191924,40.42323232323233,40.92727272727273,41.43131313131313,41.93535353535354,42.439393939393945,42.94343434343435,43.44747474747475,43.95151515151515,44.455555555555556,44.959595959595966,45.46363636363637,45.96767676767677,46.471717171717174,46.97575757575758,47.479797979797986,47.98383838383839,48.48787878787879,48.991919191919195,49.4959595959596,50.0] flux_density 2e+17 [6.793982325023499e-06,2.7195209464865793e-08,3.450792826316089e-09,1.0513472485072598e-09,3.9759638544843144e-10,2.2534113038424604e-10,1.2038852955187917e-10,7.960567168155558e-11,4.5788191128454745e-11,3.605486157712037e-11,2.632153202578597e-11,1.6699480236999525e-11,1.4212237264272403e-11,1.1862376430519063e-11,9.512515596765717e-12,7.162654763012376e-12,5.573774820197624e-12,4.997726426025719e-12,4.421678031853816e-12,3.845629637681916e-12,3.2695812435100094e-12,2.6935328493381087e-12,2.11794929034821e-12,1.953523586034e-12,1.8096056298158894e-12,1.6656876735977774e-12,1.5217697173796682e-12,1.3778517611615564e-12,1.233933804943447e-12,1.0900158487253357e-12,9.460978925072251e-13,8.021799362891146e-13,7.402930219464674e-13,7.035314281572766e-13,6.667698343680871e-13,6.300082405788977e-13,5.932466467897082e-13,5.564850530005179e-13,5.197234592113289e-13,4.829618654221392e-13,4.4620027163294926e-13,4.0943867784375977e-13,3.726770840545698e-13,3.359154902653802e-13,2.991538964761903e-13,2.8223704321493483e-13,2.726141981209732e-13,2.629913530270107e-13,2.5336850793304856e-13,2.4374566283908656e-13,2.3412281774512417e-13,2.244999726511625e-13,2.1487712755720038e-13,2.0525428246323827e-13,1.9563143736927597e-13,1.860085922753139e-13,1.76385747181352e-13,1.667629020873899e-13,1.571400569934275e-13,1.4751721189946566e-13,1.3789436680550366e-13,1.2827152171154147e-13,1.1864867661757943e-13,1.1120358743961132e-13,1.0828369796529359e-13,1.0569916590935956e-13,1.0311463385342534e-13,1.0053010179749122e-13,9.794556974155722e-14,9.536103768562296e-14,9.277650562968884e-14,9.019197357375485e-14,8.760744151782071e-14,8.502290946188669e-14,8.24383774059526e-14,7.985384535001842e-14,7.726931329408429e-14,7.46847812381502e-14,7.210024918221608e-14,6.951571712628208e-14,6.693118507034797e-14,6.434665301441389e-14,6.176212095847969e-14,5.917758890254562e-14,5.6593056846611475e-14,5.400852479067739e-14,5.1423992734743284e-14,4.883946067880926e-14,4.6254928622875156e-14,4.4131281784618254e-14,4.3216790953022546e-14,4.2504432376615265e-14,4.1792073800208004e-14,4.107971522380082e-14,4.0367356647393575e-14,3.965499807098627e-14,3.894263949457903e-14,3.823028091817179e-14,3.7517922341764504e-14,3.680556376535726e-14]
60.0 50.0 -2.0 -1.0 1.0 2.9 0.1 0.03 0.5 0.1 [0.1,0.604040404040404,1.1080808080808082,1.6121212121212123,2.1161616161616164,2.6202020202020204,3.1242424242424245,3.6282828282828286,4.132323232323232,4.636363636363637,5.14040404040404,5.644444444444444,6.148484848484848,6.652525252525253,7.156565656565657,7.66060606060606,8.164646464646465,8.66868686868687,9.172727272727274,9.676767676767676,10.180808080808081,10.684848484848485,11.188888888888888,11.692929292929293,12.196969696969697,12.701010101010102,13.205050505050506,13.709090909090909,14.213131313131314,14.717171717171718,15.22121212121212,15.725252525252525,16.22929292929293,16.733333333333334,17.23737373737374,17.741414141414143,18.24545454545455,18.749494949494952,19.253535353535355,19.75757575757576,20.261616161616164,20.765656565656567,21.269696969696973,21.773737373737376,22.27777777777778,22.781818181818185,23.285858585858588,23.789898989898994,24.293939393939397,24.7979797979798,25.302020202020206,25.80606060606061,26.310101010101015,26.814141414141417,27.31818181818182,27.822222222222226,28.32626262626263,28.830303030303032,29.334343434343438,29.83838383838384,30.342424242424244,30.84646464646465,31.350505050505053,31.85454545454546,32.35858585858586,32.862626262626264,33.36666666666667,33.87070707070708,34.37474747474748,34.87878787878788,35.382828282828285,35.88686868686869,36.3909090909091,36.8949494949495,37.3989898989899,37.903030303030306,38.40707070707071,38.91111111111111,39.41515151515152,39.919191919191924,40.42323232323233,40.92727272727273,41.43131313131313,41.93535353535354,42.439393939393945,42.94343434343435,43.44747474747475,43.95151515151515,44.455555555555556,44.959595959595966,45.46363636363637,45.96767676767677,46.471717171717174,46.97575757575758,47.479797979797986,47.98383838383839,48.48787878787879,48.991919191919195,49.4959595959596,50.0] flux_density 2e+17 [2.491258091720642e-13,5.986633213404997e-11,4.582848550929466e-10,1.2903987116763992e-09,2.041609778193209e-09,1.9753611148848943e-09,1.3594073663119022e-09,7.997535955442261e-10,4.5699131394157883e-10,2.663142065744062e-10,1.6243387730022103e-10,1.0593622676682934e-10,6.931148243087929e-11,4.909278432288238e-11,3.5978737182643356e-11,2.520172064526937e-11,2.0089115471795256e-11,1.600020926521303e-11,1.197738355890946e-11,9.395001869349082e-12,8.116025291698171e-12,6.9098325309528615e-12,5.703639770207549e-12,4.522180287289599e-12,3.77122210476928e-12,3.400020808987002e-12,3.0562542439772863e-12,2.7124876789675716e-12,2.3687211139578584e-12,2.02495454894814e-12,1.6931227764854418e-12,1.4894156009098213e-12,1.3853598425218708e-12,1.2891202475437441e-12,1.192880652565618e-12,1.0966410575874928e-12,1.0004014626093657e-12,9.041618676312408e-13,8.079222726531151e-13,7.116826776749883e-13,6.268763644392083e-13,5.81067529947851e-13,5.535004793418934e-13,5.266952242249141e-13,4.998899691079353e-13,4.730847139909556e-13,4.462794588739769e-13,4.1947420375699747e-13,3.926689486400183e-13,3.6586369352303917e-13,3.390584384060598e-13,3.1225318328908076e-13,2.854479281721018e-13,2.588933912601741e-13,2.396420085861287e-13,2.296943869215232e-13,2.2213691864377816e-13,2.1463942112771e-13,2.071419236116416e-13,1.996444260955735e-13,1.9214692857950527e-13,1.8464943106343687e-13,1.7715193354736865e-13,1.6965443603130036e-13,1.621569385152322e-13,1.546594409991639e-13,1.4716194348309555e-13,1.3966444596702728e-13,1.3216694845095904e-13,1.246694509348908e-13,1.1717195341882255e-13,1.0967445590275428e-13,1.0223631146860267e-13,9.660191001311536e-14,9.353019458591457e-14,9.133161597650472e-14,8.921221184843191e-14,8.709280772035922e-14,8.497340359228648e-14,8.285399946421367e-14,8.073459533614095e-14,7.861519120806817e-14,7.649578707999538e-14,7.43763829519226e-14,7.225697882384987e-14,7.01375746957771e-14,6.801817056770437e-14,6.589876643963162e-14,6.377936231155886e-14,6.165995818348609e-14,5.954055405541336e-14,5.742114992734055e-14,5.5301745799267795e-14,5.3182341671195064e-14,5.1062937543122283e-14,4.8943533415049515e-14,4.682412928697675e-14,4.4704725158904003e-14,4.2585321030831216e-14,4.053176444273277e-14]
