test/reference_results/tophat_redback_ref_data.ecsv
# %ECSV 1.0
# ---
# datatype:
# - {name: g0, datatype: float64}
# - {name: loge0, datatype: float64}
# - {name: logepsb, datatype: float64}
# - {name: logepse, datatype: float64}
# - {name: logn0, datatype: float64}
# - {name: p, datatype: float64}
# - {name: redshift, datatype: float64}
# - {name: thc, datatype: float64}
# - {name: thv, datatype: float64}
# - {name: xiN, datatype: float64}
# - {name: time, datatype: string, subtype: 'float64[100]'}
# - {name: output_format, datatype: string}
# - {name: frequency, datatype: float64}
# - {name: results, datatype: string, subtype: 'float64[100]'}
# schema: astropy-2.0
g0 loge0 logepsb logepse logn0 p redshift thc thv xiN time output_format frequency results
[from data line 63]
60.0 50.0 -2.0 -1.0 1.0 2.9 0.1 0.05 0.5 0.1 [0.1,0.604040404040404,1.1080808080808082,1.6121212121212123,2.1161616161616164,2.6202020202020204,3.1242424242424245,3.6282828282828286,4.132323232323232,4.636363636363637,5.14040404040404,5.644444444444444,6.148484848484848,6.652525252525253,7.156565656565657,7.66060606060606,8.164646464646465,8.66868686868687,9.172727272727274,9.676767676767676,10.180808080808081,10.684848484848485,11.188888888888888,11.692929292929293,12.196969696969697,12.701010101010102,13.205050505050506,13.709090909090909,14.213131313131314,14.717171717171718,15.22121212121212,15.725252525252525,16.22929292929293,16.733333333333334,17.23737373737374,17.741414141414143,18.24545454545455,18.749494949494952,19.253535353535355,19.75757575757576,20.261616161616164,20.765656565656567,21.269696969696973,21.773737373737376,22.27777777777778,22.781818181818185,23.285858585858588,23.789898989898994,24.293939393939397,24.7979797979798,25.302020202020206,25.80606060606061,26.310101010101015,26.814141414141417,27.31818181818182,27.822222222222226,28.32626262626263,28.830303030303032,29.334343434343438,29.83838383838384,30.342424242424244,30.84646464646465,31.350505050505053,31.85454545454546,32.35858585858586,32.862626262626264,33.36666666666667,33.87070707070708,34.37474747474748,34.87878787878788,35.382828282828285,35.88686868686869,36.3909090909091,36.8949494949495,37.3989898989899,37.903030303030306,38.40707070707071,38.91111111111111,39.41515151515152,39.919191919191924,40.42323232323233,40.92727272727273,41.43131313131313,41.93535353535354,42.439393939393945,42.94343434343435,43.44747474747475,43.95151515151515,44.455555555555556,44.959595959595966,45.46363636363637,45.96767676767677,46.471717171717174,46.97575757575758,47.479797979797986,47.98383838383839,48.48787878787879,48.991919191919195,49.4959595959596,50.0] flux_density 2e+17 [7.886928297772457e-13,1.9944945534106561e-10,1.4247631726127844e-09,3.5816449224159564e-09,5.190669634528529e-09,5.124294182420225e-09,3.923835342813798e-09,2.6159425263303864e-09,1.641729502978564e-09,1.0217600782141604e-09,6.558984079116655e-10,4.2795659804362096e-10,2.923386560159127e-10,2.049254631275045e-10,1.4698805276662883e-10,1.1038625967301608e-10,8.398374817826376e-11,6.345656656175486e-11,5.060602537688098e-11,4.1945644233821244e-11,3.373368368220458e-11,2.687100144744424e-11,2.2210495167591795e-11,1.935001855378828e-11,1.692099308273346e-11,1.4491967611678638e-11,1.2102455792665659e-11,1.015978949346908e-11,8.846131213927692e-12,8.03311421278163e-12,7.341991298442579e-12,6.650868384103516e-12,5.959745469764456e-12,5.268622555425394e-12,4.5834361932525164e-12,4.004542418863515e-12,3.5927724259306917e-12,3.3313483883415062e-12,3.1368120658176233e-12,2.9435609670455556e-12,2.750309868273491e-12,2.557058769501425e-12,2.3638076707293583e-12,2.1705565719572937e-12,1.9773054731852287e-12,1.7840543744131626e-12,1.604920241040273e-12,1.46801607640527e-12,1.3753501741335126e-12,1.315176125682837e-12,1.2613989657244967e-12,1.2076218057661556e-12,1.1538446458078155e-12,1.1000674858494751e-12,1.0462903258911348e-12,9.92513165932793e-13,9.387360059744533e-13,8.849588460161128e-13,8.311816860577719e-13,7.774045260994322e-13,7.23627366141092e-13,6.698502061827508e-13,6.199452195587735e-13,5.806847355669843e-13,5.535662357371965e-13,5.356021266269754e-13,5.205708711465041e-13,5.055396156660334e-13,4.905083601855625e-13,4.754771047050913e-13,4.604458492246205e-13,4.4541459374414965e-13,4.303833382636786e-13,4.153520827832076e-13,4.0032082730273676e-13,3.852895718222659e-13,3.7025831634179473e-13,3.5522706086132417e-13,3.40195805380853e-13,3.251645499003821e-13,3.1013329441991123e-13,2.951020389394403e-13,2.8007078345896925e-13,2.650395279784983e-13,2.502913640896465e-13,2.377131175992419e-13,2.2809926989646485e-13,2.2134789223871402e-13,2.1669750195328392e-13,2.124507340695727e-13,2.0820396618586165e-13,2.0395719830215047e-13,1.9971043041843931e-13,1.9546366253472816e-13,1.9121689465101697e-13,1.869701267673058e-13,1.8272335888359476e-13,1.7847659099988365e-13,1.7422982311617247e-13,1.6998305523246144e-13]
60.0 50.0 -2.0 -1.0 1.0 2.9 0.1 0.07 0.0 0.1 [0.1,0.604040404040404,1.1080808080808082,1.6121212121212123,2.1161616161616164,2.6202020202020204,3.1242424242424245,3.6282828282828286,4.132323232323232,4.636363636363637,5.14040404040404,5.644444444444444,6.148484848484848,6.652525252525253,7.156565656565657,7.66060606060606,8.164646464646465,8.66868686868687,9.172727272727274,9.676767676767676,10.180808080808081,10.684848484848485,11.188888888888888,11.692929292929293,12.196969696969697,12.701010101010102,13.205050505050506,13.709090909090909,14.213131313131314,14.717171717171718,15.22121212121212,15.725252525252525,16.22929292929293,16.733333333333334,17.23737373737374,17.741414141414143,18.24545454545455,18.749494949494952,19.253535353535355,19.75757575757576,20.261616161616164,20.765656565656567,21.269696969696973,21.773737373737376,22.27777777777778,22.781818181818185,23.285858585858588,23.789898989898994,24.293939393939397,24.7979797979798,25.302020202020206,25.80606060606061,26.310101010101015,26.814141414141417,27.31818181818182,27.822222222222226,28.32626262626263,28.830303030303032,29.334343434343438,29.83838383838384,30.342424242424244,30.84646464646465,31.350505050505053,31.85454545454546,32.35858585858586,32.862626262626264,33.36666666666667,33.87070707070708,34.37474747474748,34.87878787878788,35.382828282828285,35.88686868686869,36.3909090909091,36.8949494949495,37.3989898989899,37.903030303030306,38.40707070707071,38.91111111111111,39.41515151515152,39.919191919191924,40.42323232323233,40.92727272727273,41.43131313131313,41.93535353535354,42.439393939393945,42.94343434343435,43.44747474747475,43.95151515151515,44.455555555555556,44.959595959595966,45.46363636363637,45.96767676767677,46.471717171717174,46.97575757575758,47.479797979797986,47.98383838383839,48.48787878787879,48.991919191919195,49.4959595959596,50.0] flux_density 2e+17 [4.942673150420851e-05,2.596711145865134e-07,3.70164760545654e-08,1.1134012813999896e-08,4.367665884028116e-09,2.022282752428757e-09,1.2821026286335657e-09,7.322486504566711e-10,4.958844868112185e-10,3.661982315104709e-10,2.36511976209724e-10,1.7840020253393405e-10,1.475420767389176e-10,1.1668395094390133e-10,8.582582514888506e-11,6.572246414603865e-11,5.829015028872042e-11,5.0857836431402074e-11,4.342552257408376e-11,3.5993208716765494e-11,2.856089485944712e-11,2.3502613340948616e-11,2.1684009906320734e-11,1.9865406471692813e-11,1.804680303706493e-11,1.622819960243703e-11,1.4409596167809103e-11,1.2590992733181198e-11,1.0772389298553322e-11,8.953785863925395e-12,8.314932935972722e-12,7.86123565483177e-12,7.407538373690819e-12,6.9538410925498686e-12,6.500143811408919e-12,6.046446530267965e-12,5.592749249127016e-12,5.139051967986058e-12,4.685354686845116e-12,4.23165740570416e-12,3.777960124563213e-12,3.3242628434222616e-12,3.1137424913727157e-12,2.9979836871392315e-12,2.88222488290575e-12,2.7664660786722612e-12,2.650707274438779e-12,2.5349484702052958e-12,2.4191896659718096e-12,2.303430861738328e-12,2.187672057504846e-12,2.0719132532713604e-12,1.956154449037875e-12,1.8403956448043914e-12,1.7246368405709068e-12,1.6088780363374213e-12,1.4931192321039404e-12,1.3773604278704564e-12,1.261601623636972e-12,1.1877450582518458e-12,1.1574705007570435e-12,1.1271959432622395e-12,1.0969213857674372e-12,1.066646828272635e-12,1.0363722707778311e-12,1.0060977132830297e-12,9.758231557882268e-13,9.455485982934233e-13,9.15274040798621e-13,8.849994833038189e-13,8.547249258090147e-13,8.244503683142127e-13,7.941758108194098e-13,7.639012533246067e-13,7.336266958298044e-13,7.033521383350013e-13,6.730775808401982e-13,6.428030233453967e-13,6.125284658505931e-13,5.822539083557899e-13,5.519793508609876e-13,5.217047933661847e-13,4.914302358713819e-13,4.629285971051733e-13,4.547020721958574e-13,4.46576507368215e-13,4.384509425405726e-13,4.3032537771292976e-13,4.221998128852882e-13,4.1407424805764583e-13,4.059486832300034e-13,3.9782311840236063e-13,3.8969755357471816e-13,3.815719887470761e-13,3.7344642391943403e-13,3.6532085909179156e-13,3.571952942641493e-13,3.4906972943650687e-13,3.409441646088642e-13,3.3281859978122203e-13]
60.0 50.0 -2.0 -1.0 1.0 2.9 0.1 0.07 0.5 0.1 [0.1,0.604040404040404,1.1080808080808082,1.6121212121212123,2.1161616161616164,2.6202020202020204,3.1242424242424245,3.6282828282828286,4.132323232323232,4.636363636363637,5.14040404040404,5.644444444444444,6.148484848484848,6.652525252525253,7.156565656565657,7.66060606060606,8.164646464646465,8.66868686868687,9.172727272727274,9.676767676767676,10.180808080808081,10.684848484848485,11.188888888888888,11.692929292929293,12.196969696969697,12.701010101010102,13.205050505050506,13.709090909090909,14.213131313131314,14.717171717171718,15.22121212121212,15.725252525252525,16.22929292929293,16.733333333333334,17.23737373737374,17.741414141414143,18.24545454545455,18.749494949494952,19.253535353535355,19.75757575757576,20.261616161616164,20.765656565656567,21.269696969696973,21.773737373737376,22.27777777777778,22.781818181818185,23.285858585858588,23.789898989898994,24.293939393939397,24.7979797979798,25.302020202020206,25.80606060606061,26.310101010101015,26.814141414141417,27.31818181818182,27.822222222222226,28.32626262626263,28.830303030303032,29.334343434343438,29.83838383838384,30.342424242424244,30.84646464646465,31.350505050505053,31.85454545454546,32.35858585858586,32.862626262626264,33.36666666666667,33.87070707070708,34.37474747474748,34.87878787878788,35.382828282828285,35.88686868686869,36.3909090909091,36.8949494949495,37.3989898989899,37.903030303030306,38.40707070707071,38.91111111111111,39.41515151515152,39.919191919191924,40.42323232323233,40.92727272727273,41.43131313131313,41.93535353535354,42.439393939393945,42.94343434343435,43.44747474747475,43.95151515151515,44.455555555555556,44.959595959595966,45.46363636363637,45.96767676767677,46.471717171717174,46.97575757575758,47.479797979797986,47.98383838383839,48.48787878787879,48.991919191919195,49.4959595959596,50.0] flux_density 2e+17 [1.8867016776057536e-12,5.098456039139208e-10,3.362506938638232e-09,7.565575433289507e-09,9.976627457569585e-09,9.513117798083841e-09,7.513643929013899e-09,5.3108876656805685e-09,3.5542102081453297e-09,2.3346164884325873e-09,1.5525443964774731e-09,1.0469727659270436e-09,7.234325958251299e-10,5.155931706893629e-10,3.7112102478557227e-10,2.7790887428777415e-10,2.1215768858765848e-10,1.6413262264144737e-10,1.296478177487856e-10,1.0353022252061554e-10,8.455824375636654e-11,7.049575471428675e-11,5.8162863962590455e-11,4.8211277761469405e-11,4.0650936764356814e-11,3.515341363412441e-11,3.1055113938822366e-11,2.722632811242261e-11,2.3445726287469518e-11,2.0120159772955187e-11,1.744576042016903e-11,1.550745463145537e-11,1.4079298340031038e-11,1.2957958988947138e-11,1.1870392606038144e-11,1.0782826223129167e-11,9.69525984022017e-12,8.61905473939473e-12,7.656915390190577e-12,6.871748217353088e-12,6.282839824318505e-12,5.8396846024041785e-12,5.50836457849954e-12,5.2045990901998066e-12,4.9008336019000705e-12,4.59706811360033e-12,4.293302625300597e-12,3.989537137000856e-12,3.685771648701123e-12,3.3820061604013857e-12,3.0881017860205604e-12,2.832282328816585e-12,2.619706747771073e-12,2.4621223898814293e-12,2.34117787039175e-12,2.2492654687727287e-12,2.1647977852260714e-12,2.0803301016794133e-12,1.995862418132755e-12,1.9113947345860963e-12,1.826927051039438e-12,1.7424593674927794e-12,1.6579916839461215e-12,1.573524000399463e-12,1.4890563168528045e-12,1.4045886333061466e-12,1.3201209497594883e-12,1.2356532662128292e-12,1.1551385367685284e-12,1.085400663660656e-12,1.026393248123379e-12,9.820703087714115e-13,9.471956939110678e-13,9.205987295705804e-13,8.97000973289255e-13,8.734032170079296e-13,8.498054607266051e-13,8.2620770444528e-13,8.026099481639539e-13,7.790121918826288e-13,7.554144356013038e-13,7.318166793199783e-13,7.082189230386532e-13,6.846211667573281e-13,6.610234104760029e-13,6.374256541946777e-13,6.138278979133528e-13,5.902301416320273e-13,5.666323853507026e-13,5.430346290693769e-13,5.194368727880519e-13,4.958391165067263e-13,4.722413602254012e-13,4.4958009014478777e-13,4.294654370425385e-13,4.1235046258146444e-13,3.9885894186380997e-13,3.8788792821717237e-13,3.7963589368222894e-13,3.7278914670282116e-13]
