test/reference_results/tophat_redback_ref_data.ecsv
# %ECSV 1.0
# ---
# datatype:
# - {name: g0, datatype: float64}
# - {name: loge0, datatype: float64}
# - {name: logepsb, datatype: float64}
# - {name: logepse, datatype: float64}
# - {name: logn0, datatype: float64}
# - {name: p, datatype: float64}
# - {name: redshift, datatype: float64}
# - {name: thc, datatype: float64}
# - {name: thv, datatype: float64}
# - {name: xiN, datatype: float64}
# - {name: time, datatype: string, subtype: 'float64[100]'}
# - {name: output_format, datatype: string}
# - {name: frequency, datatype: float64}
# - {name: results, datatype: string, subtype: 'float64[100]'}
# schema: astropy-2.0
g0 loge0 logepsb logepse logn0 p redshift thc thv xiN time output_format frequency results
[from data line 94]
60.0 52.0 -2.0 -1.0 0.0 2.9 0.2 0.07 0.0 0.1 [0.1,0.604040404040404,1.1080808080808082,1.6121212121212123,2.1161616161616164,2.6202020202020204,3.1242424242424245,3.6282828282828286,4.132323232323232,4.636363636363637,5.14040404040404,5.644444444444444,6.148484848484848,6.652525252525253,7.156565656565657,7.66060606060606,8.164646464646465,8.66868686868687,9.172727272727274,9.676767676767676,10.180808080808081,10.684848484848485,11.188888888888888,11.692929292929293,12.196969696969697,12.701010101010102,13.205050505050506,13.709090909090909,14.213131313131314,14.717171717171718,15.22121212121212,15.725252525252525,16.22929292929293,16.733333333333334,17.23737373737374,17.741414141414143,18.24545454545455,18.749494949494952,19.253535353535355,19.75757575757576,20.261616161616164,20.765656565656567,21.269696969696973,21.773737373737376,22.27777777777778,22.781818181818185,23.285858585858588,23.789898989898994,24.293939393939397,24.7979797979798,25.302020202020206,25.80606060606061,26.310101010101015,26.814141414141417,27.31818181818182,27.822222222222226,28.32626262626263,28.830303030303032,29.334343434343438,29.83838383838384,30.342424242424244,30.84646464646465,31.350505050505053,31.85454545454546,32.35858585858586,32.862626262626264,33.36666666666667,33.87070707070708,34.37474747474748,34.87878787878788,35.382828282828285,35.88686868686869,36.3909090909091,36.8949494949495,37.3989898989899,37.903030303030306,38.40707070707071,38.91111111111111,39.41515151515152,39.919191919191924,40.42323232323233,40.92727272727273,41.43131313131313,41.93535353535354,42.439393939393945,42.94343434343435,43.44747474747475,43.95151515151515,44.455555555555556,44.959595959595966,45.46363636363637,45.96767676767677,46.471717171717174,46.97575757575758,47.479797979797986,47.98383838383839,48.48787878787879,48.991919191919195,49.4959595959596,50.0] flux_density 2e+17 [0.015779661613571798,0.0003155143736215563,6.012366904775664e-05,2.1148073487601158e-05,1.0056086617988001e-05,4.9224695722978516e-06,3.2355674145025147e-06,1.8861671934072868e-06,1.3126922601086144e-06,9.875581071484263e-07,6.634298855043399e-07,4.7253293210921585e-07,3.9727845645775294e-07,3.2202398080628903e-07,2.467695051548259e-07,1.7850873920941593e-07,1.5022180546543895e-07,1.3275785188352778e-07,1.1529389830161668e-07,9.782994471970574e-08,8.036599113779471e-08,6.301711281345437e-08,5.223861737805172e-08,4.804069893701753e-08,4.397947075971273e-08,3.991824258240799e-08,3.585701440510318e-08,3.179578622779842e-08,2.7734558050493687e-08,2.3673329873188893e-08,1.9667497584651147e-08,1.720502437755908e-08,1.621874316467783e-08,1.5272420736170163e-08,1.4326098307662474e-08,1.3379775879154777e-08,1.2433453450647093e-08,1.1487131022139416e-08,1.0540808593631735e-08,9.594486165124038e-09,8.648163736616366e-09,7.70184130810868e-09,6.755518879600987e-09,5.9414111921148855e-09,5.576685076457491e-09,5.355589387066767e-09,5.134493697676057e-09,4.913398008285339e-09,4.6923023188946245e-09,4.471206629503904e-09,4.250110940113188e-09,4.029015250722477e-09,3.807919561331759e-09,3.5868238719410417e-09,3.3657281825503276e-09,3.1446324931596106e-09,2.9235368037688936e-09,2.7024411143781766e-09,2.481345424987461e-09,2.2602497355967456e-09,2.0426089422607695e-09,1.9010822592995074e-09,1.8425772359899642e-09,1.790706392860144e-09,1.7388355497303263e-09,1.6869647066005077e-09,1.6350938634706908e-09,1.5832230203408717e-09,1.5313521772110537e-09,1.4794813340812366e-09,1.4276104909514179e-09,1.3757396478215995e-09,1.3238688046917806e-09,1.2719979615619635e-09,1.2201271184321447e-09,1.1682562753023274e-09,1.1163854321725084e-09,1.0645145890426911e-09,1.0126437459128717e-09,9.607729027830546e-10,9.089020596532373e-10,8.57031216523418e-10,8.05160373393601e-10,7.532895302637819e-10,7.014186871339636e-10,6.553157358629026e-10,6.315066438135967e-10,6.192594610865269e-10,6.070122783594549e-10,5.947650956323844e-10,5.825179129053135e-10,5.702707301782424e-10,5.580235474511714e-10,5.45776364724101e-10,5.335291819970292e-10,5.212819992699585e-10,5.090348165428872e-10,4.967876338158165e-10,4.845404510887459e-10,4.722932683616744e-10]
60.0 52.0 -2.0 -1.0 0.0 2.9 0.2 0.07 0.5 0.1 [0.1,0.604040404040404,1.1080808080808082,1.6121212121212123,2.1161616161616164,2.6202020202020204,3.1242424242424245,3.6282828282828286,4.132323232323232,4.636363636363637,5.14040404040404,5.644444444444444,6.148484848484848,6.652525252525253,7.156565656565657,7.66060606060606,8.164646464646465,8.66868686868687,9.172727272727274,9.676767676767676,10.180808080808081,10.684848484848485,11.188888888888888,11.692929292929293,12.196969696969697,12.701010101010102,13.205050505050506,13.709090909090909,14.213131313131314,14.717171717171718,15.22121212121212,15.725252525252525,16.22929292929293,16.733333333333334,17.23737373737374,17.741414141414143,18.24545454545455,18.749494949494952,19.253535353535355,19.75757575757576,20.261616161616164,20.765656565656567,21.269696969696973,21.773737373737376,22.27777777777778,22.781818181818185,23.285858585858588,23.789898989898994,24.293939393939397,24.7979797979798,25.302020202020206,25.80606060606061,26.310101010101015,26.814141414141417,27.31818181818182,27.822222222222226,28.32626262626263,28.830303030303032,29.334343434343438,29.83838383838384,30.342424242424244,30.84646464646465,31.350505050505053,31.85454545454546,32.35858585858586,32.862626262626264,33.36666666666667,33.87070707070708,34.37474747474748,34.87878787878788,35.382828282828285,35.88686868686869,36.3909090909091,36.8949494949495,37.3989898989899,37.903030303030306,38.40707070707071,38.91111111111111,39.41515151515152,39.919191919191924,40.42323232323233,40.92727272727273,41.43131313131313,41.93535353535354,42.439393939393945,42.94343434343435,43.44747474747475,43.95151515151515,44.455555555555556,44.959595959595966,45.46363636363637,45.96767676767677,46.471717171717174,46.97575757575758,47.479797979797986,47.98383838383839,48.48787878787879,48.991919191919195,49.4959595959596,50.0] flux_density 2e+17 [1.859651570810156e-14,6.877763807564381e-13,2.4717089612112235e-12,6.017549065544045e-12,1.2729613165302196e-11,2.4633020141392204e-11,4.478560136357347e-11,7.605968556217716e-11,1.2165764290592897e-10,1.8463488664728176e-10,2.6755830929173914e-10,3.735873207570059e-10,5.078408943375718e-10,6.660001863040591e-10,8.563353461235751e-10,1.0754657076908494e-09,1.3261086084864693e-09,1.6064385996119709e-09,1.921208144846652e-09,2.258001006820452e-09,2.6341935175233802e-09,3.0287165410187103e-09,3.4495780878760342e-09,3.897517641198172e-09,4.35783907251311e-09,4.835800419677588e-09,5.329437628484497e-09,5.8296390020780496e-09,6.334836818514812e-09,6.84130989189927e-09,7.343890602031586e-09,7.844997093107002e-09,8.338539143509528e-09,8.80881890905397e-09,9.261145899111953e-09,9.702264896817103e-09,1.0132465213718634e-08,1.0520551096310312e-08,1.0872658591722969e-08,1.1200405404770691e-08,1.151168983731922e-08,1.1803226992175041e-08,1.203626896436812e-08,1.2227060943850542e-08,1.2389752273447713e-08,1.2530901544989943e-08,1.2656066970342823e-08,1.2741987659560186e-08,1.2768142394694442e-08,1.2766612378770062e-08,1.2743584654421016e-08,1.2703063861512284e-08,1.264846673544591e-08,1.2568509340697325e-08,1.2435675693384868e-08,1.228605051639272e-08,1.2123565278270263e-08,1.1950060436591266e-08,1.1766179551149236e-08,1.1573096603759933e-08,1.1366481916207703e-08,1.1127302568122244e-08,1.0877622455843696e-08,1.063099806771093e-08,1.0382420265187647e-08,1.0130739715673016e-08,9.877164301130155e-09,9.620039141666606e-09,9.35660255472481e-09,9.088403941876218e-09,8.821941837824427e-09,8.556951258222551e-09,8.293021540845911e-09,8.036945390791627e-09,7.782450383660956e-09,7.530477844354978e-09,7.282336982859665e-09,7.035086984890012e-09,6.7949474538125925e-09,6.562391392840322e-09,6.336631721455383e-09,6.1184088406271216e-09,5.904532101179503e-09,5.6941100154020094e-09,5.4865119536503155e-09,5.284040197414922e-09,5.087068413726727e-09,4.895252021248857e-09,4.707580099025004e-09,4.5362066165711554e-09,4.370056775331621e-09,4.206767393308739e-09,4.049498611003664e-09,3.898860267241785e-09,3.7549069678400215e-09,3.6159091454513503e-09,3.4820885276169516e-09,3.3522205901587837e-09,3.225903922497449e-09,3.102381552706321e-09]
60.0 52.0 -2.0 -1.0 1.0 2.9 0.1 0.03 0.0 0.1 [0.1,0.604040404040404,1.1080808080808082,1.6121212121212123,2.1161616161616164,2.6202020202020204,3.1242424242424245,3.6282828282828286,4.132323232323232,4.636363636363637,5.14040404040404,5.644444444444444,6.148484848484848,6.652525252525253,7.156565656565657,7.66060606060606,8.164646464646465,8.66868686868687,9.172727272727274,9.676767676767676,10.180808080808081,10.684848484848485,11.188888888888888,11.692929292929293,12.196969696969697,12.701010101010102,13.205050505050506,13.709090909090909,14.213131313131314,14.717171717171718,15.22121212121212,15.725252525252525,16.22929292929293,16.733333333333334,17.23737373737374,17.741414141414143,18.24545454545455,18.749494949494952,19.253535353535355,19.75757575757576,20.261616161616164,20.765656565656567,21.269696969696973,21.773737373737376,22.27777777777778,22.781818181818185,23.285858585858588,23.789898989898994,24.293939393939397,24.7979797979798,25.302020202020206,25.80606060606061,26.310101010101015,26.814141414141417,27.31818181818182,27.822222222222226,28.32626262626263,28.830303030303032,29.334343434343438,29.83838383838384,30.342424242424244,30.84646464646465,31.350505050505053,31.85454545454546,32.35858585858586,32.862626262626264,33.36666666666667,33.87070707070708,34.37474747474748,34.87878787878788,35.382828282828285,35.88686868686869,36.3909090909091,36.8949494949495,37.3989898989899,37.903030303030306,38.40707070707071,38.91111111111111,39.41515151515152,39.919191919191924,40.42323232323233,40.92727272727273,41.43131313131313,41.93535353535354,42.439393939393945,42.94343434343435,43.44747474747475,43.95151515151515,44.455555555555556,44.959595959595966,45.46363636363637,45.96767676767677,46.471717171717174,46.97575757575758,47.479797979797986,47.98383838383839,48.48787878787879,48.991919191919195,49.4959595959596,50.0] flux_density 2e+17 [0.008900580051337563,5.922680140237847e-05,1.1246343026619564e-05,3.4857255477686866e-06,1.4793008721407506e-06,6.524015219139918e-07,4.237169346234567e-07,2.202954428028311e-07,1.6666586906343675e-07,1.1303629532404237e-07,7.114531350177762e-08,5.856055543878536e-08,4.5975797375793194e-08,3.339103931280094e-08,2.3731261002674993e-08,2.077421740329694e-08,1.781717380391891e-08,1.4860130204540861e-08,1.190308660516283e-08,8.946043005784777e-09,7.66262680808756e-09,6.965781064131666e-09,6.2689353201757696e-09,5.572089576219867e-09,4.875243832263972e-09,4.178398088308075e-09,3.4815523443521776e-09,2.7895787424958822e-09,2.5887967013446112e-09,2.4237095308942007e-09,2.2586223604437973e-09,2.0935351899933884e-09,1.9284480195429804e-09,1.7633608490925749e-09,1.5982736786421673e-09,1.4331865081917644e-09,1.268099337741357e-09,1.103012167290952e-09,9.42909841481391e-10,8.949164802940951e-10,8.554794030508726e-10,8.160423258076513e-10,7.766052485644291e-10,7.371681713212075e-10,6.977310940779864e-10,6.582940168347643e-10,6.188569395915428e-10,5.794198623483205e-10,5.399827851050991e-10,5.005457078618777e-10,4.6110863061865497e-10,4.2167155337543377e-10,3.8223447613221226e-10,3.4279739888899097e-10,3.179303235062572e-10,3.0839696176959947e-10,2.988636000329407e-10,2.8933023829628293e-10,2.797968765596243e-10,2.702635148229665e-10,2.607301530863079e-10,2.5119679134965e-10,2.416634296129915e-10,2.3213006787633344e-10,2.2259670613967507e-10,2.13063344403017e-10,2.0352998266635853e-10,1.9399662092970044e-10,1.8446325919304204e-10,1.749298974563838e-10,1.653965357197256e-10,1.5586317398306728e-10,1.46329812246409e-10,1.3679645050975076e-10,1.272630887730926e-10,1.1772972703643425e-10,1.124254317246971e-10,1.0996835196129432e-10,1.076274642371896e-10,1.052865765130847e-10,1.0294568878898003e-10,1.0060480106487521e-10,9.826391334077039e-11,9.592302561666556e-11,9.358213789256079e-11,9.124125016845608e-11,8.890036244435132e-11,8.655947472024653e-11,8.421858699614174e-11,8.187769927203695e-11,7.953681154793215e-11,7.719592382382742e-11,7.485503609972259e-11,7.25141483756178e-11,7.017326065151303e-11,6.78323729274083e-11,6.549148520330352e-11,6.315059747919874e-11,6.080970975509388e-11,5.84688220309892e-11]
