test/reference_results/tophat_redback_ref_data.ecsv
# %ECSV 1.0
# ---
# datatype:
# - {name: g0, datatype: float64}
# - {name: loge0, datatype: float64}
# - {name: logepsb, datatype: float64}
# - {name: logepse, datatype: float64}
# - {name: logn0, datatype: float64}
# - {name: p, datatype: float64}
# - {name: redshift, datatype: float64}
# - {name: thc, datatype: float64}
# - {name: thv, datatype: float64}
# - {name: xiN, datatype: float64}
# - {name: time, datatype: string, subtype: 'float64[100]'}
# - {name: output_format, datatype: string}
# - {name: frequency, datatype: float64}
# - {name: results, datatype: string, subtype: 'float64[100]'}
# schema: astropy-2.0
g0 loge0 logepsb logepse logn0 p redshift thc thv xiN time output_format frequency results
[from data line 90]
60.0 52.0 -2.0 -1.0 0.0 2.9 0.2 0.03 0.0 0.1 [0.1,0.604040404040404,1.1080808080808082,1.6121212121212123,2.1161616161616164,2.6202020202020204,3.1242424242424245,3.6282828282828286,4.132323232323232,4.636363636363637,5.14040404040404,5.644444444444444,6.148484848484848,6.652525252525253,7.156565656565657,7.66060606060606,8.164646464646465,8.66868686868687,9.172727272727274,9.676767676767676,10.180808080808081,10.684848484848485,11.188888888888888,11.692929292929293,12.196969696969697,12.701010101010102,13.205050505050506,13.709090909090909,14.213131313131314,14.717171717171718,15.22121212121212,15.725252525252525,16.22929292929293,16.733333333333334,17.23737373737374,17.741414141414143,18.24545454545455,18.749494949494952,19.253535353535355,19.75757575757576,20.261616161616164,20.765656565656567,21.269696969696973,21.773737373737376,22.27777777777778,22.781818181818185,23.285858585858588,23.789898989898994,24.293939393939397,24.7979797979798,25.302020202020206,25.80606060606061,26.310101010101015,26.814141414141417,27.31818181818182,27.822222222222226,28.32626262626263,28.830303030303032,29.334343434343438,29.83838383838384,30.342424242424244,30.84646464646465,31.350505050505053,31.85454545454546,32.35858585858586,32.862626262626264,33.36666666666667,33.87070707070708,34.37474747474748,34.87878787878788,35.382828282828285,35.88686868686869,36.3909090909091,36.8949494949495,37.3989898989899,37.903030303030306,38.40707070707071,38.91111111111111,39.41515151515152,39.919191919191924,40.42323232323233,40.92727272727273,41.43131313131313,41.93535353535354,42.439393939393945,42.94343434343435,43.44747474747475,43.95151515151515,44.455555555555556,44.959595959595966,45.46363636363637,45.96767676767677,46.471717171717174,46.97575757575758,47.479797979797986,47.98383838383839,48.48787878787879,48.991919191919195,49.4959595959596,50.0] flux_density 2e+17 [0.004340687926195939,4.057369703155856e-05,8.047588808149383e-06,2.696447778377751e-06,1.0696042813843089e-06,6.511145817490362e-07,3.3506021566879686e-07,2.3767558171719376e-07,1.402909477655907e-07,1.0138783962180145e-07,7.862233683350497e-08,5.585683404520826e-08,3.7519419519030216e-08,3.218539655130827e-08,2.6851373583586358e-08,2.151735061586439e-08,1.6183327648142473e-08,1.2266638015602225e-08,1.1015702324689585e-08,9.764766633776948e-09,8.513830942864307e-09,7.262895251951653e-09,6.0119595610390204e-09,4.7610238701263744e-09,4.010465823820502e-09,3.7169086971974303e-09,3.423351570574358e-09,3.129794443951289e-09,2.836237317328218e-09,2.542680190705146e-09,2.2491230640820695e-09,1.9555659374589994e-09,1.6620088108359285e-09,1.38556311868704e-09,1.302565836160234e-09,1.2335820292853237e-09,1.164598222410414e-09,1.0956144155355006e-09,1.0266306086605911e-09,9.576468017856798e-10,8.886629949107691e-10,8.196791880358589e-10,7.506953811609463e-10,6.817115742860367e-10,6.127277674111264e-10,5.437439605362153e-10,4.747601536613043e-10,4.4412866835848475e-10,4.2786907645958434e-10,4.116094845606834e-10,3.953498926617824e-10,3.7909030076288213e-10,3.628307088639814e-10,3.465711169650806e-10,3.3031152506617987e-10,3.1405193316727904e-10,2.977923412683786e-10,2.815327493694776e-10,2.652731574705773e-10,2.4901356557167653e-10,2.32753973672776e-10,2.16494381773875e-10,2.0023478987497408e-10,1.8397519797607388e-10,1.6771560607717282e-10,1.5385962502436045e-10,1.488433141181378e-10,1.4499006982239485e-10,1.4113682552665216e-10,1.3728358123090913e-10,1.3343033693516616e-10,1.2957709263942308e-10,1.2572384834368034e-10,1.2187060404793734e-10,1.180173597521944e-10,1.1416411545645156e-10,1.1031087116070856e-10,1.064576268649658e-10,1.0260438256922282e-10,9.875113827347995e-11,9.489789397773706e-11,9.104464968199411e-11,8.719140538625126e-11,8.33381610905083e-11,7.948491679476532e-11,7.563167249902242e-11,7.177842820327951e-11,6.792518390753662e-11,6.40719396117938e-11,6.021869531605081e-11,5.636545102030799e-11,5.2700390161370984e-11,5.1273069878889374e-11,5.035213908130903e-11,4.943120828372872e-11,4.851027748614833e-11,4.758934668856797e-11,4.666841589098759e-11,4.5747485093407205e-11,4.482655429582687e-11]
60.0 52.0 -2.0 -1.0 0.0 2.9 0.2 0.03 0.5 0.1 [0.1,0.604040404040404,1.1080808080808082,1.6121212121212123,2.1161616161616164,2.6202020202020204,3.1242424242424245,3.6282828282828286,4.132323232323232,4.636363636363637,5.14040404040404,5.644444444444444,6.148484848484848,6.652525252525253,7.156565656565657,7.66060606060606,8.164646464646465,8.66868686868687,9.172727272727274,9.676767676767676,10.180808080808081,10.684848484848485,11.188888888888888,11.692929292929293,12.196969696969697,12.701010101010102,13.205050505050506,13.709090909090909,14.213131313131314,14.717171717171718,15.22121212121212,15.725252525252525,16.22929292929293,16.733333333333334,17.23737373737374,17.741414141414143,18.24545454545455,18.749494949494952,19.253535353535355,19.75757575757576,20.261616161616164,20.765656565656567,21.269696969696973,21.773737373737376,22.27777777777778,22.781818181818185,23.285858585858588,23.789898989898994,24.293939393939397,24.7979797979798,25.302020202020206,25.80606060606061,26.310101010101015,26.814141414141417,27.31818181818182,27.822222222222226,28.32626262626263,28.830303030303032,29.334343434343438,29.83838383838384,30.342424242424244,30.84646464646465,31.350505050505053,31.85454545454546,32.35858585858586,32.862626262626264,33.36666666666667,33.87070707070708,34.37474747474748,34.87878787878788,35.382828282828285,35.88686868686869,36.3909090909091,36.8949494949495,37.3989898989899,37.903030303030306,38.40707070707071,38.91111111111111,39.41515151515152,39.919191919191924,40.42323232323233,40.92727272727273,41.43131313131313,41.93535353535354,42.439393939393945,42.94343434343435,43.44747474747475,43.95151515151515,44.455555555555556,44.959595959595966,45.46363636363637,45.96767676767677,46.471717171717174,46.97575757575758,47.479797979797986,47.98383838383839,48.48787878787879,48.991919191919195,49.4959595959596,50.0] flux_density 2e+17 [2.5063334316449154e-15,9.233176093235048e-14,3.2612071193169464e-13,7.68741367043222e-13,1.5622542393810097e-12,2.9388448720265596e-12,5.196482108704314e-12,8.704804979737068e-12,1.3861749556930886e-11,2.1074489999652576e-11,3.076804075445278e-11,4.336280163002043e-11,5.905974600006701e-11,7.84029277892291e-11,1.017673112622088e-10,1.2902327814351457e-10,1.6112911802289603e-10,1.9745653787961884e-10,2.390404792836461e-10,2.854502187627136e-10,3.367824419800478e-10,3.941957312411934e-10,4.559526793246641e-10,5.23289719077038e-10,5.963478760815788e-10,6.738258635734103e-10,7.563415184862824e-10,8.444962281682693e-10,9.363275306982326e-10,1.0319673293526116e-09,1.132115349216251e-09,1.2351846853563709e-09,1.3410779228857448e-09,1.4480806599620573e-09,1.5566423994621085e-09,1.6661126833106625e-09,1.7748258810185776e-09,1.8811329141495892e-09,1.984032896685284e-09,2.0849635261426554e-09,2.181569721129707e-09,2.2713354267098923e-09,2.3530162128928335e-09,2.4265633889813415e-09,2.4958514788583714e-09,2.5528285055165114e-09,2.60166517753674e-09,2.636946211873708e-09,2.662064118276323e-09,2.6809684843551894e-09,2.685938574729855e-09,2.6835150332750986e-09,2.669476185233397e-09,2.64377442012443e-09,2.6118481068054126e-09,2.570991776841982e-09,2.5238958224720586e-09,2.4720408118836563e-09,2.4128310627189973e-09,2.348039961535697e-09,2.2793145566132055e-09,2.207137853504947e-09,2.132400132839707e-09,2.057488344530797e-09,1.981407642578885e-09,1.904952270394353e-09,1.8288828212156674e-09,1.7525013411079276e-09,1.6770346167430159e-09,1.6028583551633252e-09,1.5292863263669582e-09,1.4580873126463093e-09,1.3891820676983851e-09,1.323023729361839e-09,1.2604715152288279e-09,1.1998593772788975e-09,1.1401913084286677e-09,1.0853627691985567e-09,1.0316248945678012e-09,9.791527442502406e-10,9.286433600011924e-10,8.813988524431266e-10,8.362955202105549e-10,7.938317047226778e-10,7.544202245031119e-10,7.169628191823103e-10,6.804524207280225e-10,6.467805447696951e-10,6.154990665569214e-10,5.85189893971111e-10,5.563025425411961e-10,5.291839201161177e-10,5.033297615597734e-10,4.783755761680778e-10,4.550546286873483e-10,4.326310258944265e-10,4.112826578460312e-10,3.9156129080325684e-10,3.728846417467668e-10,3.547580256053207e-10]
60.0 52.0 -2.0 -1.0 0.0 2.9 0.2 0.05 0.0 0.1 [0.1,0.604040404040404,1.1080808080808082,1.6121212121212123,2.1161616161616164,2.6202020202020204,3.1242424242424245,3.6282828282828286,4.132323232323232,4.636363636363637,5.14040404040404,5.644444444444444,6.148484848484848,6.652525252525253,7.156565656565657,7.66060606060606,8.164646464646465,8.66868686868687,9.172727272727274,9.676767676767676,10.180808080808081,10.684848484848485,11.188888888888888,11.692929292929293,12.196969696969697,12.701010101010102,13.205050505050506,13.709090909090909,14.213131313131314,14.717171717171718,15.22121212121212,15.725252525252525,16.22929292929293,16.733333333333334,17.23737373737374,17.741414141414143,18.24545454545455,18.749494949494952,19.253535353535355,19.75757575757576,20.261616161616164,20.765656565656567,21.269696969696973,21.773737373737376,22.27777777777778,22.781818181818185,23.285858585858588,23.789898989898994,24.293939393939397,24.7979797979798,25.302020202020206,25.80606060606061,26.310101010101015,26.814141414141417,27.31818181818182,27.822222222222226,28.32626262626263,28.830303030303032,29.334343434343438,29.83838383838384,30.342424242424244,30.84646464646465,31.350505050505053,31.85454545454546,32.35858585858586,32.862626262626264,33.36666666666667,33.87070707070708,34.37474747474748,34.87878787878788,35.382828282828285,35.88686868686869,36.3909090909091,36.8949494949495,37.3989898989899,37.903030303030306,38.40707070707071,38.91111111111111,39.41515151515152,39.919191919191924,40.42323232323233,40.92727272727273,41.43131313131313,41.93535353535354,42.439393939393945,42.94343434343435,43.44747474747475,43.95151515151515,44.455555555555556,44.959595959595966,45.46363636363637,45.96767676767677,46.471717171717174,46.97575757575758,47.479797979797986,47.98383838383839,48.48787878787879,48.991919191919195,49.4959595959596,50.0] flux_density 2e+17 [0.012136442972462805,0.00014273379049305735,2.4897948105109635e-05,8.510996697096268e-06,4.320890031873128e-06,2.2324297294292316e-06,1.344594054214169e-06,7.94860536542e-07,5.903784480964782e-07,3.858963596509551e-07,2.651404453063205e-07,2.1779036510578687e-07,1.7044028490525265e-07,1.2309020470471897e-07,8.9916030350965e-08,7.891076256622029e-08,6.790549478147551e-08,5.690022699673082e-08,4.589495921198607e-08,3.488969142724139e-08,2.9067638976742722e-08,2.6503557210680584e-08,2.39394754446185e-08,2.1375393678556368e-08,1.8811311912494276e-08,1.6247230146432158e-08,1.368314838037004e-08,1.1119066614307925e-08,9.66833108698489e-09,9.069754346271897e-09,8.471177605558926e-09,7.872600864845945e-09,7.274024124132951e-09,6.675447383419978e-09,6.076870642706994e-09,5.478293901994016e-09,4.879717161281027e-09,4.281140420568043e-09,3.6825636798550627e-09,3.2403869859664997e-09,3.100303184552293e-09,2.960219383138088e-09,2.820135581723883e-09,2.6800517803096734e-09,2.539967978895468e-09,2.3998841774812592e-09,2.2598003760670536e-09,2.119716574652845e-09,1.9796327732386402e-09,1.8395489718244317e-09,1.6994651704102252e-09,1.5593813689960192e-09,1.4192975675818121e-09,1.279213766167605e-09,1.139221200707798e-09,1.0682811407946985e-09,1.0353691992762735e-09,1.0024572577578507e-09,9.695453162394265e-10,9.366333747210014e-10,9.037214332025772e-10,8.708094916841513e-10,8.378975501657264e-10,8.049856086473022e-10,7.720736671288775e-10,7.391617256104526e-10,7.062497840920281e-10,6.733378425736035e-10,6.40425901055179e-10,6.075139595367541e-10,5.746020180183296e-10,5.416900764999049e-10,5.0877813498148e-10,4.758661934630556e-10,4.4295425194463143e-10,4.1004231042620695e-10,3.771616553652726e-10,3.6012136689599973e-10,3.523413379929088e-10,3.4456130908981806e-10,3.3678128018672735e-10,3.290012512836367e-10,3.2122122238054547e-10,3.134411934774549e-10,3.0566116457436375e-10,2.9788113567127335e-10,2.9010110676818275e-10,2.823210778650912e-10,2.7454104896200066e-10,2.667610200589096e-10,2.58980991155819e-10,2.5120096225272813e-10,2.43420933349637e-10,2.356409044465466e-10,2.2786087554345544e-10,2.2008084664036463e-10,2.1230081773727402e-10,2.04520788834183e-10,1.9674075993109232e-10,1.8896073102800167e-10]
